 , 0, 1, 2, 3, 4, 5, 6, 7, 8, 9, 10, 11, 12, 13, 14, 15, 16, 17, 18, 19, 20, 21, 22, 23, 24, 25, 26, 27, 28, 29, 30, 31, 32, 33, 34, 35, 36, 37, 38, 39, 40, 41, 42, 43, 44, 45, 46, 47, 48, 49, 50, 51, 52, 53, 54, 55, 56, 57, 58, 59, 60, 61, 62, 63, 64, 65, rowcost
C major (0), 0+0:0:0:0:0, 2+0:0:0:0:0, 0+0:0:0:0:0, 0+0:0:0:0:0, 3+0:0:0:0:0, 0+0:0:0:0:0, 3+0:0:0:0:0, 0+0:0:0:0:0, 1+0:0:0:0:0, 2+0:0:0:0:1, 2+0:0:0:0:0, 0+0:0:0:0:0, 0+0:0:0:0:0, 0+0:0:0:0:0, 1+0:0:0:0:0, 2+0:0:0:0:1, 0+0:0:0:0:0, 2+0:0:0:0:0, 0+0:0:0:0:0, 0+0:0:0:0:0, 3+0:0:0:0:0, 0+0:0:0:0:0, 3+0:0:0:0:0, 0+0:0:0:0:0, 1+0:0:0:0:0, 0+0:0:0:0:0, 0+0:0:0:0:0, 0+0:0:0:0:0, 0+0:0:0:0:0, 0+0:0:0:0:0, 1+0:0:0:0:1, 1+0:0:0:0:0, 1+0:0:0:0:0, 2+0:0:0:0:1, 2+0:0:0:0:0, 3+0:0:0:0:0, 3+0:0:0:0:0, 4+0:0:0:0:0, 4+0:0:0:0:0, 1+0:0:0:0:1,  , 2+0:0:0:0:0, 3+0:0:0:0:1, 0+0:0:0:0:0, 0+0:0:0:0:0, 3+0:0:0:0:1, 5+0:0:0:0:0, 0+0:0:0:0:0, 2+0:0:0:0:0, 0+0:0:0:0:0, 0+0:0:0:0:0, 3+0:0:0:0:0, 4+0:0:0:0:0, 5+0:0:0:0:0, 3+0:0:0:0:0, 6+0:0:0:0:1, 1+0:0:0:0:0, 2+0:0:0:0:0, 1+0:0:0:0:0, 3+0:0:0:0:0, 4+0:0:0:0:0, 3+0:0:0:0:1, 0+0:0:0:0:0, 1+0:0:0:0:1, 1+0:0:0:0:0, 0+0:0:0:0:0, 99+0:0:0:0:10
A minor (0), 1+0:0:0:0:0, 3+0:0:0:0:0, 0+0:0:0:0:0, 1+0:0:0:0:0, 3+0:0:0:0:0, 1+0:0:0:0:0, 2+0:0:0:0:0, 1+0:0:0:0:0, 1+0:0:0:0:0, 3+0:0:0:0:0, 2+0:0:0:0:0, 0+0:0:0:0:0, 1+0:0:0:0:0, 1+0:0:0:0:0, 0+0:0:0:0:0, 3+0:0:0:0:1, 1+0:0:0:0:0, 3+0:0:0:0:0, 0+0:0:0:0:0, 1+0:0:0:0:0, 3+0:0:0:0:0, 1+0:0:0:0:0, 2+0:0:0:0:0, 1+0:0:0:0:0, 1+0:0:0:0:0, 1+0:0:0:0:0, 0+0:0:0:0:0, 1+0:0:0:0:0, 0+0:0:0:0:0, 1+0:0:0:0:0, 2+0:0:0:0:1, 2+0:0:0:0:0, 2+0:0:0:0:1, 2+0:0:0:0:1, 3+0:0:0:0:0, 2+0:0:0:0:0, 4+0:0:0:0:1, 3+0:0:0:0:0, 5+0:0:0:0:1, 2+0:0:0:0:0,  , 3+0:0:0:0:0, 4+0:0:0:0:1, 0+0:0:0:0:0, 0+0:0:0:0:0, 4+0:0:0:0:2, 5+0:0:0:0:3, 1+0:0:0:0:0, 2+0:0:0:0:0, 1+0:0:0:0:0, 0+0:0:0:0:0, 3+0:0:0:0:1, 4+0:0:0:0:2, 4+0:0:0:0:2, 4+0:0:0:0:0, 6+0:0:0:0:2, 2+0:0:0:0:0, 3+0:0:0:0:0, 1+0:0:0:0:0, 4+0:0:0:0:0, 5+0:0:0:0:0, 3+0:0:0:0:1, 1+0:0:0:0:0, 2+0:0:0:0:0, 1+0:0:0:0:0, 0+0:0:0:0:0, 129+0:0:0:0:20
F major (1b), 0+0:0:0:0:0, 3+0:0:0:0:0, 1+0:0:0:0:0, 1+0:0:0:0:0, 2+0:0:0:0:0, 0+0:0:0:0:0, 2+0:0:0:0:0, 0+0:0:0:0:0, 2+0:0:0:0:0, 3+0:1:0:0:1, 3+0:0:0:0:0, 0+0:0:0:0:0, 0+0:0:0:0:0, 0+0:0:0:0:0, 1+0:0:0:0:0, 2+0:0:0:0:0, 0+0:0:0:0:0, 3+0:0:0:0:0, 1+0:0:0:0:0, 1+0:0:0:0:0, 2+0:0:0:0:0, 0+0:0:0:0:0, 2+0:0:0:0:0, 0+0:0:0:0:0, 0+0:0:0:0:0, 0+0:0:0:0:0, 0+0:0:0:0:0, 1+0:0:0:0:0, 1+0:0:0:0:0, 0+0:0:0:0:0, 1+0:0:0:0:0, 2+0:0:0:0:0, 2+0:0:0:0:0, 2+0:0:0:0:0, 3+0:1:0:0:1, 2+0:0:0:0:0, 4+0:0:0:0:0, 3+0:0:0:0:0, 3+0:0:0:0:0, 1+0:1:0:0:1,  , 3+0:0:0:0:0, 4+0:1:0:0:1, 0+0:0:0:0:0, 0+0:0:0:0:0, 2+0:0:0:0:0, 4+0:0:0:0:0, 0+0:0:0:0:0, 3+0:0:0:0:0, 1+0:0:0:0:0, 0+0:0:0:0:0, 2+0:0:0:0:0, 4+0:0:0:0:0, 4+0:0:0:0:0, 3+0:1:0:0:1, 5+0:1:0:0:1, 0+0:0:0:0:0, 1+0:0:0:0:0, 2+0:0:0:0:0, 4+0:1:0:0:1, 3+0:0:0:0:0, 2+0:1:0:0:1, 1+0:0:0:0:0, 2+0:1:0:0:1, 2+0:0:0:0:0, 0+0:0:0:0:0, 106+0:9:0:0:9
G major (1#), 0+0:0:0:0:0, 2+0:1:0:0:0, 0+0:0:0:0:0, 1+0:0:0:0:0, 3+0:2:0:0:0, 1+0:0:0:0:0, 3+0:2:0:0:0, 1+0:0:0:0:0, 1+0:1:0:0:0, 2+0:0:0:0:0, 1+0:1:0:0:0, 0+0:0:0:0:0, 1+0:0:0:0:0, 0+0:0:0:0:0, 2+0:1:0:0:0, 3+0:2:0:0:1, 1+0:0:0:0:0, 2+0:1:0:0:0, 0+0:0:0:0:0, 1+0:0:0:0:0, 3+0:2:0:0:0, 1+0:0:0:0:0, 3+0:2:0:0:0, 0+0:0:0:0:0, 2+0:1:0:0:0, 1+0:0:0:0:0, 0+0:0:0:0:0, 0+0:0:0:0:0, 1+0:0:0:0:0, 1+0:0:0:0:0, 2+0:0:0:0:1, 1+0:1:0:0:0, 2+0:1:0:0:0, 3+0:1:0:0:1, 3+0:1:0:0:0, 2+0:2:0:0:0, 4+0:2:0:0:0, 5+0:3:0:0:0, 5+0:3:0:0:0, 1+0:0:0:0:1,  , 2+0:0:0:0:0, 2+0:1:0:0:1, 1+0:0:0:0:0, 1+0:0:0:0:0, 3+0:2:0:0:1, 4+0:3:0:0:0, 0+0:0:0:0:0, 3+0:2:0:0:0, 0+0:0:0:0:0, 0+0:0:0:0:0, 3+0:3:0:0:1, 3+0:2:0:0:0, 4+0:4:0:0:1, 4+0:1:0:0:0, 5+0:2:0:0:2, 2+0:1:0:0:0, 3+0:2:0:0:0, 2+0:1:0:0:0, 4+0:2:0:0:0, 5+0:2:0:0:0, 4+0:2:0:0:2, 1+0:0:0:0:0, 1+0:0:0:0:0, 2+0:1:0:0:0, 0+0:0:0:0:0, 124+0:61:0:0:12
D minor (1b), 0+0:0:0:0:0, 4+0:0:0:0:0, 2+0:0:0:0:0, 2+0:0:0:0:0, 1+0:0:0:0:0, 1+0:0:0:0:0, 2+0:1:0:0:0, 0+0:0:0:0:0, 3+0:0:0:0:0, 4+0:0:0:0:0, 4+0:1:0:0:0, 1+0:0:0:0:0, 1+0:0:0:0:0, 0+0:0:0:0:0, 1+0:1:0:0:0, 2+0:0:0:0:1, 0+0:0:0:0:0, 4+0:0:0:0:0, 2+0:0:0:0:0, 2+0:0:0:0:0, 1+0:0:0:0:0, 1+0:0:0:0:0, 2+0:1:0:0:0, 1+0:0:0:0:0, 0+0:0:0:0:0, 1+0:0:0:0:0, 0+0:0:0:0:0, 2+0:0:0:0:0, 1+0:0:0:0:0, 1+0:0:0:0:0, 1+0:0:0:0:0, 2+0:0:0:0:0, 3+0:0:0:0:0, 3+0:0:0:0:1, 4+0:1:0:0:0, 3+0:2:0:0:0, 5+0:0:0:0:1, 4+0:2:0:0:0, 4+0:0:0:0:1, 1+0:1:0:0:0,  , 4+0:0:0:0:0, 5+0:2:0:0:1, 0+0:0:0:0:0, 0+0:0:0:0:0, 2+0:0:0:0:1, 5+0:1:0:0:1, 0+0:0:0:0:0, 4+0:0:0:0:1, 2+0:0:0:0:0, 1+0:0:0:0:0, 3+0:0:0:0:1, 5+0:1:0:0:1, 4+0:2:0:0:0, 4+0:2:0:0:0, 6+0:2:0:0:2, 1+0:0:0:0:0, 2+0:1:0:0:0, 2+0:0:0:0:1, 4+0:2:0:0:0, 2+0:2:0:0:0, 2+0:1:0:0:1, 1+0:0:0:0:0, 3+0:0:0:0:0, 3+0:0:0:0:0, 0+0:0:0:0:0, 141+0:26:0:0:14
E minor (1#), 0+0:0:0:0:0, 1+0:0:0:0:0, 1+0:0:0:0:0, 1+0:0:0:0:0, 2+0:0:0:0:0, 2+0:0:0:0:0, 3+0:1:0:0:1, 1+0:0:0:0:0, 2+0:0:0:0:0, 3+0:0:0:0:0, 0+0:0:0:0:0, 1+0:0:0:0:0, 1+0:0:0:0:0, 1+0:0:0:0:0, 3+0:0:0:0:0, 2+0:1:0:0:1, 1+0:0:0:0:0, 1+0:0:0:0:0, 1+0:0:0:0:0, 1+0:0:0:0:0, 2+0:0:0:0:0, 2+0:0:0:0:0, 3+0:1:0:0:1, 0+0:0:0:0:0, 3+0:1:0:0:1, 1+0:0:0:0:0, 1+0:0:0:0:0, 1+0:0:0:0:0, 1+0:0:0:0:0, 1+0:0:0:0:0, 2+0:0:0:0:0, 2+0:1:0:0:1, 2+0:0:0:0:0, 3+0:1:0:0:1, 4+0:0:0:0:0, 2+0:1:0:0:1, 3+0:1:0:0:1, 6+0:0:0:0:0, 4+0:1:0:0:1, 1+0:0:0:0:0,  , 2+0:1:0:0:1, 1+0:0:0:0:0, 2+0:0:0:0:0, 2+0:0:0:0:0, 4+0:1:0:0:1, 4+0:2:0:0:2, 1+0:0:0:0:0, 4+0:2:0:0:2, 1+0:0:0:0:0, 1+0:0:0:0:0, 2+0:2:0:0:2, 2+0:1:0:0:1, 4+0:0:0:0:0, 5+0:0:0:0:0, 6+0:1:0:0:1, 3+0:1:0:0:1, 3+0:1:0:0:1, 2+0:1:0:0:1, 4+0:1:0:0:1, 6+0:0:0:0:0, 3+0:1:0:0:1, 2+0:0:0:0:0, 2+0:0:0:0:0, 3+0:0:0:0:0, 0+0:0:0:0:0, 141+0:24:0:0:24
Bb major (2b), 0+0:0:0:0:0, 2+0:0:0:0:1, 1+0:0:0:0:1, 2+0:0:0:0:1, 1+0:0:0:0:0, 1+0:0:0:0:0, 2+0:0:0:0:0, 1+0:0:0:0:0, 3+0:0:0:0:1, 3+0:1:0:0:2, 2+0:0:0:0:1, 1+0:0:0:0:0, 1+0:0:0:0:0, 1+0:0:0:0:0, 2+0:0:0:0:0, 3+0:0:0:0:0, 0+0:0:0:0:0, 2+0:0:0:0:1, 1+0:0:0:0:1, 2+0:0:0:0:1, 1+0:0:0:0:0, 1+0:0:0:0:0, 2+0:0:0:0:0, 0+0:0:0:0:0, 1+0:0:0:0:0, 0+0:0:0:0:0, 1+0:0:0:0:0, 2+0:0:0:0:1, 2+0:0:0:0:1, 0+0:0:0:0:0, 2+0:0:0:0:1, 3+0:0:0:0:1, 3+0:0:0:0:1, 3+0:0:0:0:1, 4+0:1:0:0:2, 2+0:0:0:0:0, 3+0:0:0:0:1, 4+0:0:0:0:0, 2+0:0:0:0:0, 2+0:1:0:0:1,  , 4+0:0:0:0:1, 5+0:1:0:0:2, 1+0:0:0:0:0, 1+0:0:0:0:0, 3+0:0:0:0:0, 3+0:0:0:0:0, 1+0:0:0:0:0, 3+0:0:0:0:1, 2+0:0:0:0:1, 1+0:0:0:0:0, 1+0:0:0:0:0, 3+0:0:0:0:0, 3+0:0:0:0:0, 4+0:1:0:0:1, 5+0:0:0:0:0, 1+0:0:0:0:0, 1+0:0:0:0:0, 3+0:0:0:0:1, 5+0:1:0:0:2, 4+0:0:0:0:0, 2+0:0:0:0:0, 2+0:0:0:0:1, 3+0:1:0:0:2, 1+0:0:0:0:1, 0+0:0:0:0:0, 131+0:7:0:0:33
D major (2#), 0+0:0:0:0:0, 3+0:1:0:0:0, 1+0:0:0:0:0, 2+0:0:0:0:0, 2+0:2:0:0:0, 2+0:0:0:0:0, 3+0:1:0:0:0, 1+0:0:0:0:0, 2+0:1:0:0:0, 3+0:0:0:0:0, 2+0:1:0:0:0, 1+0:0:0:0:0, 2+0:0:0:0:0, 0+0:0:0:0:0, 2+0:0:0:0:0, 3+0:2:0:0:1, 1+0:0:0:0:0, 3+0:1:0:0:0, 1+0:0:0:0:0, 2+0:0:0:0:0, 2+0:2:0:0:0, 2+0:0:0:0:0, 3+0:1:0:0:0, 1+0:0:0:0:0, 2+0:1:0:0:0, 2+0:0:0:0:0, 0+0:0:0:0:0, 1+0:0:0:0:0, 1+0:0:0:0:0, 2+0:0:0:0:0, 2+0:0:0:0:1, 1+0:1:0:0:0, 3+0:1:0:0:0, 4+0:1:0:0:2, 4+0:1:0:0:0, 3+0:1:0:0:0, 5+0:2:0:0:1, 6+0:2:0:0:0, 6+0:3:0:0:1, 1+0:0:0:0:0,  , 3+0:0:0:0:0, 3+0:1:0:0:1, 1+0:0:0:0:0, 1+0:0:0:0:0, 3+0:1:0:0:0, 5+0:3:0:0:1, 0+0:0:0:0:0, 4+0:2:0:0:1, 1+0:0:0:0:0, 1+0:0:0:0:0, 4+0:3:0:0:1, 4+0:2:0:0:1, 4+0:2:0:0:0, 5+0:0:0:0:0, 6+0:2:0:0:2, 3+0:1:0:0:0, 4+0:1:0:0:0, 2+0:1:0:0:1, 4+0:1:0:0:0, 4+0:1:0:0:0, 4+0:1:0:0:1, 1+0:0:0:0:0, 2+0:0:0:0:0, 3+0:1:0:0:0, 0+0:0:0:0:0, 159+0:48:0:0:15
G minor (2b), 0+0:0:0:0:0, 2+0:0:0:0:0, 1+0:0:0:0:0, 3+0:0:0:0:0, 1+0:1:0:0:0, 2+0:0:0:0:0, 2+0:0:0:0:0, 2+0:0:0:0:0, 3+0:0:0:0:0, 3+0:1:0:0:0, 1+0:0:0:0:0, 1+0:0:0:0:0, 2+0:0:0:0:0, 1+0:0:0:0:0, 3+0:0:0:0:0, 4+0:0:0:0:1, 1+0:0:0:0:0, 2+0:0:0:0:0, 1+0:0:0:0:0, 3+0:0:0:0:0, 1+0:1:0:0:0, 2+0:0:0:0:0, 2+0:0:0:0:0, 0+0:0:0:0:0, 2+0:0:0:0:0, 1+0:0:0:0:0, 1+0:0:0:0:0, 2+0:0:0:0:0, 3+0:0:0:0:0, 1+0:0:0:0:0, 3+0:0:0:0:0, 3+0:0:0:0:0, 4+0:0:0:0:0, 4+0:0:0:0:0, 5+0:0:0:0:0, 1+0:0:0:0:0, 4+0:0:0:0:0, 5+0:0:0:0:0, 3+0:0:0:0:0, 2+0:1:0:0:1,  , 4+0:1:0:0:0, 4+0:1:0:0:1, 2+0:0:0:0:0, 2+0:0:0:0:0, 3+0:0:0:0:1, 2+0:0:0:0:0, 1+0:0:0:0:0, 4+0:0:0:0:0, 2+0:0:0:0:0, 1+0:0:0:0:0, 1+0:0:0:0:1, 2+0:0:0:0:0, 2+0:0:0:0:1, 5+0:0:0:0:0, 4+0:1:0:0:0, 2+0:0:0:0:0, 2+0:0:0:0:0, 4+0:0:0:0:0, 6+0:0:0:0:0, 5+0:1:0:0:0, 3+0:0:0:0:1, 3+0:0:0:0:0, 3+0:1:0:0:0, 2+0:0:0:0:0, 0+0:0:0:0:0, 156+0:9:0:0:7
B minor (2#), 0+0:0:0:0:0, 4+0:0:0:0:0, 2+0:0:0:0:0, 3+0:0:0:0:1, 1+0:0:0:0:0, 2+0:0:0:0:1, 3+0:0:0:0:0, 1+0:0:0:0:1, 2+0:0:0:0:0, 3+0:0:0:0:0, 3+0:0:0:0:0, 2+0:0:0:0:0, 3+0:0:0:0:1, 0+0:0:0:0:0, 2+0:0:0:0:1, 3+0:1:0:0:2, 1+0:0:0:0:1, 4+0:0:0:0:0, 2+0:0:0:0:0, 3+0:0:0:0:1, 1+0:0:0:0:0, 2+0:0:0:0:1, 3+0:0:0:0:0, 2+0:0:0:0:0, 2+0:0:0:0:1, 3+0:0:0:0:1, 0+0:0:0:0:0, 2+0:0:0:0:0, 2+0:0:0:0:1, 3+0:0:0:0:1, 1+0:0:0:0:1, 1+0:0:0:0:0, 3+0:1:0:0:2, 4+0:0:0:0:1, 3+0:0:0:0:1, 3+0:0:0:0:0, 5+0:1:0:0:2, 5+0:0:0:0:1, 5+0:1:0:0:2, 2+0:0:0:0:0,  , 3+0:0:0:0:0, 2+0:0:0:0:0, 2+0:0:0:0:1, 2+0:0:0:0:1, 2+0:0:0:0:1, 5+0:3:0:0:4, 0+0:0:0:0:0, 4+0:0:0:0:1, 2+0:0:0:0:0, 1+0:0:0:0:0, 4+0:1:0:0:1, 4+0:1:0:0:2, 3+0:0:0:0:0, 5+0:1:0:0:2, 5+0:1:0:0:2, 4+0:1:0:0:2, 4+0:0:0:0:1, 2+0:1:0:0:2, 4+0:0:0:0:1, 3+0:0:0:0:1, 3+0:0:0:0:1, 2+0:0:0:0:1, 2+0:0:0:0:0, 4+0:0:0:0:1, 1+0:0:0:0:0, 169+0:13:0:0:49
Eb major (3b), 0+0:0:0:0:0, 3+0:0:0:0:2, 2+0:0:0:0:1, 3+0:0:0:0:2, 1+0:0:0:0:0, 1+0:0:0:0:1, 1+0:0:0:0:0, 1+0:0:0:0:1, 3+0:0:0:0:2, 3+0:1:0:0:2, 3+0:0:0:0:1, 2+0:0:0:0:1, 2+0:0:0:0:1, 1+0:0:0:0:1, 1+0:0:0:0:1, 3+0:0:0:0:1, 0+0:0:0:0:0, 3+0:0:0:0:2, 2+0:0:0:0:1, 3+0:0:0:0:2, 1+0:0:0:0:0, 1+0:0:0:0:1, 1+0:0:0:0:0, 1+0:0:0:0:0, 2+0:0:0:0:1, 1+0:0:0:0:0, 1+0:0:0:0:1, 3+0:0:0:0:2, 3+0:0:0:0:2, 1+0:0:0:0:0, 2+0:0:0:0:2, 4+0:0:0:0:2, 3+0:0:0:0:2, 2+0:0:0:0:2, 4+0:1:0:0:3, 3+0:0:0:0:0, 2+0:0:0:0:2, 3+0:0:0:0:1, 1+0:0:0:0:1, 2+0:0:0:0:1,  , 4+0:0:0:0:2, 5+0:1:0:0:3, 2+0:0:0:0:1, 2+0:0:0:0:1, 3+0:0:0:0:1, 2+0:0:0:0:0, 1+0:0:0:0:1, 2+0:0:0:0:1, 3+0:0:0:0:2, 1+0:0:0:0:1, 2+0:0:0:0:0, 2+0:0:0:0:0, 2+0:0:0:0:0, 3+0:1:0:0:2, 5+0:0:0:0:1, 2+0:0:0:0:1, 2+0:0:0:0:0, 2+0:0:0:0:2, 6+0:1:0:0:3, 3+0:0:0:0:1, 2+0:0:0:0:1, 3+0:0:0:0:2, 3+0:1:0:0:3, 2+0:0:0:0:1, 1+0:0:0:0:0, 144+0:6:0:0:75
A major (3#), 1+0:0:0:0:0, 4+0:0:0:0:0, 1+0:0:0:0:0, 3+0:0:0:0:0, 2+0:1:0:0:0, 3+0:0:0:0:0, 2+0:1:0:0:0, 2+0:0:0:0:0, 2+0:0:0:0:0, 4+0:0:0:0:0, 2+0:0:0:0:0, 1+0:0:0:0:0, 3+0:0:0:0:0, 1+0:0:0:0:0, 1+0:0:0:0:0, 4+0:1:0:0:1, 2+0:0:0:0:0, 4+0:0:0:0:0, 1+0:0:0:0:0, 3+0:0:0:0:0, 2+0:1:0:0:0, 3+0:0:0:0:0, 2+0:1:0:0:0, 2+0:0:0:0:0, 2+0:1:0:0:0, 3+0:0:0:0:0, 0+0:0:0:0:0, 2+0:0:0:0:0, 1+0:0:0:0:0, 3+0:0:0:0:0, 3+0:0:0:0:1, 2+0:1:0:0:0, 4+0:1:0:0:1, 4+0:0:0:0:1, 5+0:1:0:0:0, 2+0:1:0:0:0, 6+0:1:0:0:1, 5+0:1:0:0:0, 7+0:2:0:0:1, 2+0:0:0:0:0,  , 4+0:0:0:0:0, 4+0:0:0:0:1, 1+0:0:0:0:0, 1+0:0:0:0:0, 4+0:1:0:0:0, 6+0:3:0:0:2, 1+0:0:0:0:0, 4+0:1:0:0:0, 2+0:0:0:0:0, 1+0:0:0:0:0, 4+0:2:0:0:1, 5+0:1:0:0:1, 3+0:1:0:0:0, 6+0:0:0:0:0, 7+0:2:0:0:1, 4+0:1:0:0:0, 5+0:1:0:0:0, 2+0:0:0:0:0, 5+0:1:0:0:0, 5+0:1:0:0:0, 4+0:1:0:0:0, 2+0:0:0:0:0, 3+0:0:0:0:0, 3+0:0:0:0:0, 0+0:0:0:0:0, 192+0:30:0:0:12
C minor (3b), 0+0:0:0:0:0, 2+0:0:0:0:0, 1+0:0:0:0:0, 2+0:0:0:0:0, 2+0:0:0:0:0, 1+0:0:0:0:0, 2+0:0:0:0:0, 1+0:0:0:0:0, 2+0:0:0:0:0, 2+0:1:0:0:1, 2+0:1:0:0:0, 2+0:0:0:0:0, 2+0:0:0:0:0, 1+0:0:0:0:0, 1+0:0:0:0:0, 3+0:0:0:0:1, 0+0:0:0:0:0, 2+0:0:0:0:0, 1+0:0:0:0:0, 2+0:0:0:0:0, 2+0:0:0:0:0, 1+0:0:0:0:0, 2+0:0:0:0:0, 1+0:0:0:0:0, 3+0:0:0:0:0, 1+0:0:0:0:0, 1+0:0:0:0:0, 2+0:0:0:0:0, 2+0:0:0:0:0, 1+0:0:0:0:0, 2+0:1:0:0:1, 3+0:0:0:0:0, 2+0:0:0:0:0, 2+0:1:0:0:1, 3+0:1:0:0:0, 4+0:1:0:0:0, 1+0:0:0:0:0, 4+0:1:0:0:0, 2+0:0:0:0:0, 2+0:0:0:0:0,  , 3+0:0:0:0:0, 4+0:2:0:0:1, 2+0:0:0:0:0, 2+0:0:0:0:0, 4+0:0:0:0:1, 3+0:1:0:0:0, 1+0:0:0:0:0, 1+0:0:0:0:0, 2+0:0:0:0:0, 1+0:0:0:0:0, 3+0:0:0:0:0, 2+0:1:0:0:0, 3+0:1:0:0:0, 3+0:1:0:0:0, 6+0:1:0:0:0, 3+0:0:0:0:0, 3+0:0:0:0:0, 1+0:0:0:0:0, 5+0:1:0:0:0, 4+0:1:0:0:0, 3+0:0:0:0:0, 2+0:0:0:0:0, 2+0:1:0:0:1, 1+0:0:0:0:0, 1+0:0:0:0:0, 137+0:17:0:0:7
F# minor (3#), 1+0:0:0:0:0, 4+0:1:0:0:2, 1+0:0:0:0:1, 4+0:0:0:0:2, 2+0:0:0:0:0, 4+0:0:0:0:2, 2+0:1:0:0:1, 3+0:0:0:0:1, 3+0:0:0:0:1, 4+0:0:0:0:2, 2+0:0:0:0:1, 2+0:0:0:0:1, 4+0:0:0:0:2, 2+0:0:0:0:0, 2+0:0:0:0:1, 5+0:1:0:0:2, 2+0:0:0:0:1, 4+0:1:0:0:2, 1+0:0:0:0:1, 4+0:0:0:0:2, 2+0:0:0:0:0, 4+0:0:0:0:2, 2+0:1:0:0:1, 2+0:0:0:0:1, 3+0:1:0:0:2, 3+0:0:0:0:2, 1+0:0:0:0:0, 3+0:0:0:0:1, 2+0:0:0:0:1, 3+0:0:0:0:2, 4+0:0:0:0:1, 3+0:1:0:0:1, 5+0:1:0:0:3, 5+0:0:0:0:2, 6+0:0:0:0:2, 2+0:1:0:0:2, 6+0:2:0:0:4, 6+0:0:0:0:2, 7+0:2:0:0:4, 3+0:0:0:0:0,  , 5+0:0:0:0:2, 5+0:0:0:0:1, 2+0:0:0:0:1, 2+0:0:0:0:1, 5+0:0:0:0:2, 6+0:3:0:0:5, 2+0:0:0:0:0, 4+0:0:0:0:2, 3+0:0:0:0:1, 2+0:0:0:0:1, 4+0:2:0:0:3, 5+0:1:0:0:3, 3+0:0:0:0:1, 7+0:0:0:0:2, 8+0:1:0:0:3, 5+0:1:0:0:3, 5+0:1:0:0:3, 3+0:0:0:0:1, 6+0:1:0:0:2, 6+0:0:0:0:1, 5+0:0:0:0:2, 3+0:0:0:0:1, 4+0:0:0:0:1, 3+0:0:0:0:2, 0+0:0:0:0:0, 231+0:23:0:0:102
Ab major (4b), 0+0:0:0:0:0, 4+0:0:0:0:3, 3+0:0:0:0:2, 3+0:0:0:0:3, 0+0:0:0:0:0, 2+0:0:0:0:1, 1+0:0:0:0:1, 1+0:0:0:0:1, 4+0:0:0:0:2, 3+0:0:0:0:1, 3+0:0:0:0:2, 3+0:0:0:0:2, 2+0:0:0:0:2, 2+0:0:0:0:1, 2+0:0:0:0:1, 3+0:0:0:0:1, 0+0:0:0:0:0, 4+0:0:0:0:3, 3+0:0:0:0:2, 3+0:0:0:0:3, 0+0:0:0:0:0, 2+0:0:0:0:1, 1+0:0:0:0:1, 1+0:0:0:0:1, 3+0:0:0:0:2, 1+0:0:0:0:1, 2+0:0:0:0:1, 4+0:0:0:0:3, 3+0:0:0:0:3, 1+0:0:0:0:1, 2+0:0:0:0:2, 5+0:0:0:0:3, 4+0:0:0:0:2, 2+0:0:0:0:2, 5+0:1:0:0:3, 3+0:0:0:0:1, 3+0:0:0:0:2, 4+0:0:0:0:1, 2+0:0:0:0:1, 2+0:0:0:0:2,  , 3+0:0:0:0:2, 5+0:1:0:0:3, 3+0:0:0:0:2, 3+0:0:0:0:2, 4+0:0:0:0:1, 3+0:0:0:0:0, 2+0:0:0:0:1, 3+0:0:0:0:1, 4+0:0:0:0:3, 2+0:0:0:0:1, 1+0:0:0:0:1, 2+0:0:0:0:0, 1+0:0:0:0:0, 4+0:1:0:0:3, 6+0:0:0:0:1, 3+0:0:0:0:2, 2+0:0:0:0:1, 2+0:0:0:0:2, 6+0:1:0:0:4, 4+0:0:0:0:1, 1+0:0:0:0:1, 4+0:0:0:0:3, 4+0:1:0:0:3, 3+0:0:0:0:2, 1+0:0:0:0:1, 172+0:5:0:0:105
E major (4#), 1+0:0:0:0:0, 3+0:0:0:0:0, 2+0:0:0:0:0, 3+0:0:0:0:0, 1+0:0:0:0:0, 4+0:0:0:0:0, 2+0:1:0:0:1, 2+0:0:0:0:0, 3+0:0:0:0:0, 5+0:0:0:0:0, 1+0:0:0:0:0, 2+0:0:0:0:0, 3+0:0:0:0:0, 2+0:0:0:0:0, 2+0:0:0:0:0, 3+0:1:0:0:1, 2+0:0:0:0:0, 3+0:0:0:0:0, 2+0:0:0:0:0, 3+0:0:0:0:0, 1+0:0:0:0:0, 4+0:0:0:0:0, 2+0:1:0:0:1, 2+0:0:0:0:0, 3+0:1:0:0:1, 3+0:0:0:0:0, 1+0:0:0:0:0, 3+0:0:0:0:0, 1+0:0:0:0:0, 3+0:0:0:0:0, 3+0:0:0:0:0, 3+0:1:0:0:1, 4+0:0:0:0:0, 4+0:0:0:0:0, 6+0:0:0:0:0, 2+0:1:0:0:1, 5+0:1:0:0:1, 6+0:0:0:0:0, 6+0:1:0:0:1, 2+0:0:0:0:0,  , 4+0:1:0:0:1, 3+0:0:0:0:0, 2+0:0:0:0:0, 2+0:0:0:0:0, 5+0:0:0:0:0, 6+0:2:0:0:2, 2+0:0:0:0:0, 5+0:0:0:0:0, 3+0:0:0:0:0, 2+0:0:0:0:0, 3+0:2:0:0:2, 4+0:1:0:0:1, 2+0:0:0:0:0, 7+0:0:0:0:0, 8+0:1:0:0:1, 5+0:1:0:0:1, 5+0:1:0:0:1, 2+0:0:0:0:0, 5+0:1:0:0:1, 6+0:0:0:0:0, 3+0:0:0:0:0, 3+0:0:0:0:0, 4+0:0:0:0:0, 4+0:0:0:0:0, 0+0:0:0:0:0, 208+0:18:0:0:18
F minor (4b), 0+0:0:0:0:0, 4+0:1:0:0:1, 3+0:0:0:0:0, 2+0:0:0:0:0, 1+0:0:0:0:0, 1+0:0:0:0:0, 1+0:0:0:0:0, 0+0:0:0:0:0, 3+0:0:0:0:0, 3+0:0:0:0:0, 4+0:0:0:0:0, 2+0:0:0:0:0, 1+0:0:0:0:0, 1+0:0:0:0:0, 1+0:0:0:0:0, 2+0:0:0:0:0, 0+0:0:0:0:0, 4+0:1:0:0:1, 3+0:0:0:0:0, 2+0:0:0:0:0, 1+0:0:0:0:0, 1+0:0:0:0:0, 1+0:0:0:0:0, 1+0:0:0:0:0, 2+0:0:0:0:0, 1+0:0:0:0:0, 1+0:0:0:0:0, 3+0:0:0:0:0, 2+0:0:0:0:0, 1+0:0:0:0:0, 1+0:0:0:0:0, 4+0:0:0:0:0, 3+0:0:0:0:0, 1+0:0:0:0:0, 4+0:1:0:0:1, 3+0:0:0:0:0, 3+0:1:0:0:1, 3+0:0:0:0:0, 2+0:1:0:0:1, 1+0:0:0:0:0,  , 2+0:0:0:0:0, 4+0:1:0:0:1, 2+0:0:0:0:0, 2+0:0:0:0:0, 3+0:0:0:0:0, 4+0:0:0:0:0, 1+0:0:0:0:0, 3+0:0:0:0:0, 3+0:0:0:0:0, 1+0:0:0:0:0, 2+0:0:0:0:0, 3+0:0:0:0:0, 2+0:0:0:0:0, 3+0:1:0:0:1, 6+0:1:0:0:1, 2+0:0:0:0:0, 2+0:0:0:0:0, 1+0:0:0:0:0, 5+0:1:0:0:1, 3+0:0:0:0:0, 2+0:0:0:0:0, 3+0:0:0:0:0, 3+0:1:0:0:1, 4+0:0:0:0:0, 1+0:0:0:0:0, 144+0:10:0:0:10
C# minor (4#), 1+0:0:0:0:1, 4+0:0:0:0:2, 3+0:0:0:0:1, 4+0:0:0:0:3, 1+0:0:0:0:0, 4+0:0:0:0:3, 2+0:1:0:0:2, 2+0:0:0:0:2, 4+0:0:0:0:1, 6+0:0:0:0:3, 2+0:0:0:0:1, 2+0:0:0:0:1, 3+0:0:0:0:3, 2+0:0:0:0:1, 2+0:0:0:0:1, 3+0:1:0:0:3, 2+0:0:0:0:2, 4+0:0:0:0:2, 3+0:0:0:0:1, 4+0:0:0:0:3, 1+0:0:0:0:0, 4+0:0:0:0:3, 2+0:1:0:0:2, 2+0:0:0:0:2, 3+0:1:0:0:2, 3+0:0:0:0:3, 1+0:0:0:0:0, 4+0:0:0:0:2, 2+0:0:0:0:1, 3+0:0:0:0:3, 4+0:0:0:0:2, 4+0:1:0:0:2, 5+0:0:0:0:3, 5+0:0:0:0:3, 7+0:0:0:0:3, 2+0:1:0:0:2, 6+0:1:0:0:4, 6+0:0:0:0:2, 6+0:1:0:0:4, 2+0:0:0:0:1,  , 5+0:1:0:0:3, 4+0:0:0:0:2, 2+0:0:0:0:1, 2+0:0:0:0:1, 5+0:0:0:0:3, 6+0:2:0:0:5, 2+0:0:0:0:1, 6+0:0:0:0:3, 4+0:0:0:0:2, 2+0:0:0:0:1, 3+0:2:0:0:3, 4+0:1:0:0:4, 2+0:0:0:0:1, 7+0:0:0:0:4, 8+0:1:0:0:4, 5+0:1:0:0:4, 5+0:1:0:0:4, 3+0:0:0:0:2, 6+0:1:0:0:3, 6+0:0:0:0:2, 3+0:0:0:0:2, 4+0:0:0:0:2, 5+0:0:0:0:2, 5+0:0:0:0:2, 0+0:0:0:0:0, 234+0:18:0:0:141
Db major (5b), 1+0:0:0:0:0, 5+0:0:0:0:4, 3+0:0:0:0:3, 4+0:0:0:0:3, 0+0:0:0:0:0, 3+0:0:0:0:2, 2+0:0:0:0:1, 2+0:0:0:0:1, 4+0:0:0:0:3, 4+0:0:0:0:2, 2+0:0:0:0:2, 3+0:0:0:0:3, 3+0:0:0:0:2, 3+0:0:0:0:2, 2+0:0:0:0:2, 4+0:0:0:0:1, 1+0:0:0:0:0, 5+0:0:0:0:4, 3+0:0:0:0:3, 4+0:0:0:0:3, 0+0:0:0:0:0, 3+0:0:0:0:2, 2+0:0:0:0:1, 2+0:0:0:0:1, 3+0:0:0:0:3, 2+0:0:0:0:1, 2+0:0:0:0:2, 5+0:0:0:0:4, 3+0:0:0:0:3, 2+0:0:0:0:1, 3+0:0:0:0:2, 6+0:0:0:0:4, 5+0:0:0:0:3, 3+0:0:0:0:2, 5+0:0:0:0:3, 2+0:0:0:0:1, 4+0:0:0:0:3, 3+0:0:0:0:2, 3+0:0:0:0:2, 3+0:0:0:0:2,  , 4+0:0:0:0:3, 6+0:1:0:0:3, 3+0:0:0:0:3, 3+0:0:0:0:3, 5+0:0:0:0:2, 2+0:0:0:0:1, 3+0:0:0:0:2, 4+0:0:0:0:2, 5+0:0:0:0:4, 2+0:0:0:0:2, 1+0:0:0:0:1, 1+0:0:0:0:0, 0+0:0:0:0:0, 5+0:1:0:0:4, 5+0:0:0:0:3, 4+0:0:0:0:3, 3+0:0:0:0:1, 3+0:0:0:0:2, 6+0:0:0:0:3, 5+0:0:0:0:2, 1+0:0:0:0:1, 5+0:0:0:0:4, 5+0:1:0:0:4, 3+0:0:0:0:3, 1+0:0:0:0:1, 204+0:3:0:0:140
B major (5#), 1+0:0:0:0:0, 4+0:0:0:0:0, 3+0:0:0:0:0, 4+0:0:0:0:1, 0+0:0:0:0:0, 4+0:0:0:0:1, 2+0:0:0:0:0, 2+0:0:0:0:1, 3+0:0:0:0:0, 5+0:0:0:0:0, 2+0:0:0:0:0, 3+0:0:0:0:0, 4+0:0:0:0:1, 2+0:0:0:0:0, 2+0:0:0:0:1, 3+0:1:0:0:2, 2+0:0:0:0:1, 4+0:0:0:0:0, 3+0:0:0:0:0, 4+0:0:0:0:1, 0+0:0:0:0:0, 4+0:0:0:0:1, 2+0:0:0:0:0, 3+0:0:0:0:0, 3+0:0:0:0:1, 4+0:0:0:0:1, 1+0:0:0:0:0, 4+0:0:0:0:0, 2+0:0:0:0:1, 4+0:0:0:0:1, 2+0:0:0:0:1, 3+0:0:0:0:0, 4+0:0:0:0:1, 3+0:0:0:0:1, 5+0:0:0:0:1, 2+0:0:0:0:0, 5+0:1:0:0:2, 5+0:0:0:0:1, 5+0:1:0:0:2, 3+0:0:0:0:0,  , 4+0:1:0:0:1, 2+0:0:0:0:0, 3+0:0:0:0:1, 3+0:0:0:0:1, 4+0:0:0:0:1, 5+1:1:0:0:2, 2+0:0:0:0:0, 4+0:0:0:0:1, 4+0:0:0:0:0, 2+0:0:0:0:0, 3+0:1:0:0:1, 4+0:1:0:0:2, 1+0:0:0:0:0, 7+0:1:0:0:2, 7+0:1:0:0:2, 6+0:1:0:0:2, 5+0:0:0:0:1, 2+0:0:0:0:1, 5+0:0:0:0:1, 5+0:0:0:0:1, 2+0:0:0:0:1, 4+0:0:0:0:1, 4+0:0:0:0:0, 5+0:0:0:0:1, 1+0:0:0:0:0, 215+1:10:0:0:46
Bb minor (5b), 1+0:0:0:0:0, 4+0:0:0:0:1, 2+0:0:0:0:1, 3+0:0:0:0:1, 0+0:0:0:0:0, 3+0:0:0:0:0, 2+0:1:0:0:1, 2+0:0:0:0:0, 4+0:0:0:0:1, 4+0:0:0:0:1, 1+0:0:0:0:1, 2+0:0:0:0:0, 2+0:0:0:0:0, 3+0:0:0:0:0, 3+0:0:0:0:0, 4+0:0:0:0:0, 1+0:0:0:0:0, 4+0:0:0:0:1, 2+0:0:0:0:1, 3+0:0:0:0:1, 0+0:0:0:0:0, 3+0:0:0:0:0, 2+0:1:0:0:1, 1+0:0:0:0:0, 2+0:0:0:0:0, 1+0:0:0:0:0, 2+0:0:0:0:0, 4+0:0:0:0:1, 2+0:0:0:0:1, 1+0:0:0:0:0, 3+0:0:0:0:1, 5+0:0:0:0:1, 5+0:0:0:0:1, 4+0:0:0:0:1, 5+0:0:0:0:1, 1+0:0:0:0:0, 5+0:0:0:0:1, 4+0:0:0:0:0, 4+0:0:0:0:0, 3+0:1:0:0:1,  , 4+0:0:0:0:1, 6+0:1:0:0:2, 2+0:0:0:0:0, 2+0:0:0:0:0, 5+0:0:0:0:0, 3+0:0:0:0:0, 3+0:0:0:0:0, 5+0:0:0:0:1, 4+0:0:0:0:1, 2+0:0:0:0:0, 0+0:0:0:0:0, 2+0:0:0:0:0, 1+0:0:0:0:0, 6+0:1:0:0:1, 5+0:0:0:0:0, 3+0:0:0:0:0, 2+0:0:0:0:0, 4+0:0:0:0:1, 5+0:0:0:0:1, 6+0:0:0:0:0, 1+0:0:0:0:0, 4+0:0:0:0:1, 5+0:1:0:0:2, 2+0:0:0:0:1, 0+0:0:0:0:0, 189+0:6:0:0:32
G# minor (5#), 1+0:0:0:0:1, 4+0:0:0:0:3, 3+0:0:0:0:2, 4+0:0:0:0:3, 0+0:0:0:0:0, 4+0:0:0:0:4, 2+0:0:0:0:1, 2+0:0:0:0:2, 3+0:0:0:0:2, 5+0:0:0:0:4, 3+0:0:0:0:1, 3+0:0:0:0:2, 4+0:0:0:0:3, 2+0:0:0:0:2, 2+0:0:0:0:2, 3+0:1:0:0:3, 2+0:0:0:0:2, 4+0:0:0:0:3, 3+0:0:0:0:2, 4+0:0:0:0:3, 0+0:0:0:0:0, 4+0:0:0:0:4, 2+0:0:0:0:1, 3+0:0:0:0:2, 3+0:0:0:0:2, 4+0:0:0:0:3, 1+0:0:0:0:1, 4+0:0:0:0:3, 2+0:0:0:0:1, 4+0:0:0:0:3, 2+0:0:0:0:2, 3+0:0:0:0:2, 4+0:0:0:0:4, 3+0:0:0:0:3, 5+0:0:0:0:4, 3+0:0:0:0:1, 5+0:1:0:0:5, 5+0:0:0:0:3, 5+0:1:0:0:5, 3+0:0:0:0:1,  , 4+0:1:0:0:4, 3+0:0:0:0:2, 3+0:0:0:0:2, 3+0:0:0:0:2, 5+0:0:0:0:4, 6+1:1:0:0:5, 2+0:0:0:0:2, 4+0:0:0:0:4, 4+0:0:0:0:3, 2+0:0:0:0:2, 3+0:1:0:0:2, 5+0:1:0:0:4, 2+0:0:0:0:1, 7+0:1:0:0:5, 8+0:1:0:0:6, 6+0:1:0:0:5, 5+0:0:0:0:3, 2+0:0:0:0:2, 5+0:0:0:0:2, 5+0:0:0:0:3, 2+0:0:0:0:2, 4+0:0:0:0:3, 4+0:0:0:0:3, 5+0:0:0:0:3, 1+0:0:0:0:0, 223+1:10:0:0:169
Gb major (6b), 1+0:0:0:0:1, 6+0:0:0:0:5, 4+0:0:0:0:3, 5+0:0:0:0:4, 0+0:0:0:0:0, 4+0:0:0:0:3, 2+0:0:0:0:2, 2+0:0:0:0:2, 5+0:0:0:0:3, 5+0:0:0:0:3, 3+0:0:0:0:2, 4+0:0:0:0:3, 4+0:0:0:0:3, 3+0:0:0:0:3, 2+0:0:0:0:2, 4+0:0:0:0:2, 1+0:0:0:0:1, 6+0:0:0:0:5, 4+0:0:0:0:3, 5+0:0:0:0:4, 0+0:0:0:0:0, 4+0:0:0:0:3, 2+0:0:0:0:2, 3+0:0:0:0:2, 3+0:0:0:0:3, 3+0:0:0:0:2, 2+0:0:0:0:2, 6+0:0:0:0:5, 3+0:0:0:0:3, 3+0:0:0:0:2, 3+0:0:0:0:3, 6+0:0:0:0:5, 6+0:0:0:0:4, 4+0:0:0:0:3, 6+0:0:0:0:4, 3+0:0:0:0:1, 5+0:0:0:0:4, 4+0:0:0:0:2, 4+0:0:0:0:3, 3+0:0:0:0:3,  , 5+0:0:0:0:4, 7+0:1:0:0:4, 3+0:0:0:0:3, 3+0:0:0:0:3, 6+0:0:0:0:3, 3+0:0:0:0:2, 3+0:0:0:0:3, 5+0:0:0:0:3, 6+0:0:0:0:5, 3+0:0:0:0:2, 2+0:0:0:0:1, 2+0:0:0:0:1, 1+0:0:0:0:0, 6+0:1:0:0:5, 6+0:0:0:0:4, 5+0:0:0:0:4, 4+0:0:0:0:2, 3+0:0:0:0:3, 6+0:0:0:0:4, 5+0:0:0:0:3, 2+0:0:0:0:1, 5+0:0:0:0:5, 6+0:1:0:0:5, 4+0:0:0:0:3, 1+0:0:0:0:1, 245+0:3:0:0:184
F# major (6#), 1+0:0:0:0:0, 5+0:0:0:0:1, 3+0:0:0:0:1, 5+0:0:0:0:2, 0+0:0:0:0:0, 5+0:0:0:0:2, 2+0:0:0:0:0, 3+0:0:0:0:1, 4+0:0:0:0:1, 5+0:0:0:0:2, 2+0:0:0:0:1, 4+0:0:0:0:1, 5+0:0:0:0:2, 3+0:0:0:0:0, 3+0:0:0:0:1, 4+0:1:0:0:2, 2+0:0:0:0:1, 5+0:0:0:0:1, 3+0:0:0:0:1, 5+0:0:0:0:2, 0+0:0:0:0:0, 5+0:0:0:0:2, 2+0:0:0:0:0, 3+0:0:0:0:1, 4+0:0:0:0:1, 4+0:0:0:0:2, 2+0:0:0:0:0, 5+0:0:0:0:1, 3+0:0:0:0:1, 4+0:0:0:0:2, 3+0:0:0:0:1, 4+0:0:0:0:0, 5+0:0:0:0:2, 4+0:0:0:0:2, 6+0:0:0:0:2, 2+0:0:0:0:1, 6+0:1:0:0:3, 6+0:0:0:0:2, 6+0:1:0:0:3, 4+0:0:0:0:0,  , 5+0:1:0:0:2, 3+0:0:0:0:1, 4+0:0:0:0:1, 4+0:0:0:0:1, 5+0:0:0:0:2, 5+1:1:0:0:3, 3+0:0:0:0:0, 4+0:0:0:0:2, 5+0:0:0:0:1, 3+0:0:0:0:1, 3+0:1:0:0:2, 4+0:1:0:0:3, 1+0:0:0:0:1, 8+0:1:0:0:3, 8+0:1:0:0:3, 7+0:1:0:0:3, 5+0:0:0:0:2, 3+0:0:0:0:1, 6+0:0:0:0:1, 6+0:0:0:0:1, 3+0:0:0:0:2, 5+0:0:0:0:1, 5+0:0:0:0:1, 5+0:0:0:0:2, 1+0:0:0:0:0, 258+1:10:0:0:88
Eb minor (6b), 1+0:0:0:0:0, 5+0:0:0:0:2, 3+0:0:0:0:1, 5+0:0:0:0:2, 1+0:0:0:0:0, 3+0:0:0:0:1, 2+0:0:0:0:0, 2+0:0:0:0:1, 4+0:0:0:0:2, 5+0:1:0:0:2, 3+0:0:0:0:1, 3+0:0:0:0:1, 4+0:0:0:0:1, 2+0:0:0:0:1, 1+0:0:0:0:1, 4+0:0:0:0:1, 1+0:0:0:0:0, 5+0:0:0:0:2, 3+0:0:0:0:1, 5+0:0:0:0:2, 1+0:0:0:0:0, 3+0:0:0:0:1, 2+0:0:0:0:0, 3+0:0:0:0:0, 2+0:0:0:0:1, 3+0:0:0:0:0, 1+0:0:0:0:1, 5+0:0:0:0:2, 3+0:0:0:0:2, 3+0:0:0:0:0, 3+0:0:0:0:2, 5+0:0:0:0:2, 5+0:0:0:0:2, 4+0:0:0:0:2, 5+0:0:0:0:2, 3+0:0:0:0:0, 4+0:0:0:0:2, 3+0:0:0:0:1, 3+0:0:0:0:1, 3+0:0:0:0:1,  , 6+0:0:0:0:2, 7+0:1:0:0:3, 2+0:0:0:0:1, 2+0:0:0:0:1, 5+0:0:0:0:1, 2+0:0:0:0:0, 2+0:0:0:0:1, 4+0:0:0:0:1, 5+0:0:0:0:2, 2+0:0:0:0:1, 3+0:0:0:0:0, 2+0:0:0:0:0, 2+0:0:0:0:0, 5+0:1:0:0:2, 5+0:0:0:0:1, 4+0:0:0:0:1, 4+0:0:0:0:0, 3+0:0:0:0:2, 6+0:0:0:0:2, 4+0:0:0:0:1, 3+0:0:0:0:1, 4+0:0:0:0:2, 5+0:1:0:0:3, 3+0:0:0:0:1, 1+0:0:0:0:0, 217+0:4:0:0:73
D# minor (6#), 1+0:0:0:0:1, 5+0:0:0:0:4, 3+0:0:0:0:3, 5+0:0:0:0:4, 1+0:0:0:0:0, 5+0:0:0:0:4, 2+0:0:0:0:2, 3+0:0:0:0:2, 4+0:0:0:0:2, 5+0:0:0:0:4, 2+0:0:0:0:2, 4+0:0:0:0:3, 5+0:0:0:0:4, 3+0:0:0:0:2, 3+0:0:0:0:2, 4+0:1:0:0:3, 2+0:0:0:0:2, 5+0:0:0:0:4, 3+0:0:0:0:3, 5+0:0:0:0:4, 1+0:0:0:0:0, 5+0:0:0:0:4, 2+0:0:0:0:2, 3+0:0:0:0:3, 4+0:0:0:0:3, 4+0:0:0:0:4, 2+0:0:0:0:1, 5+0:0:0:0:4, 3+0:0:0:0:2, 4+0:0:0:0:4, 3+0:0:0:0:2, 4+0:0:0:0:3, 5+0:0:0:0:4, 4+0:0:0:0:3, 6+0:0:0:0:4, 2+0:0:0:0:2, 6+0:1:0:0:5, 6+0:0:0:0:3, 6+0:1:0:0:5, 4+0:0:0:0:2,  , 5+0:1:0:0:4, 3+0:0:0:0:2, 4+0:0:0:0:3, 4+0:0:0:0:3, 6+0:0:0:0:4, 5+1:1:0:0:5, 3+0:0:0:0:2, 4+0:0:0:0:4, 5+0:0:0:0:4, 3+0:0:0:0:2, 3+0:1:0:0:3, 4+0:1:0:0:4, 2+0:0:0:0:1, 8+0:1:0:0:6, 8+0:1:0:0:6, 7+0:1:0:0:6, 5+0:0:0:0:4, 3+0:0:0:0:2, 6+0:0:0:0:3, 7+0:0:0:0:3, 4+0:0:0:0:2, 5+0:0:0:0:4, 5+0:0:0:0:3, 5+0:0:0:0:4, 1+0:0:0:0:1, 264+1:10:0:0:200
Cb major (7b), 1+0:0:0:0:1, 6+0:0:0:0:6, 4+0:0:0:0:4, 6+0:0:0:0:5, 0+0:0:0:0:0, 5+0:0:0:0:4, 2+0:0:0:0:2, 3+0:0:0:0:2, 5+0:0:0:0:4, 5+0:0:0:0:4, 3+0:0:0:0:3, 4+0:0:0:0:4, 5+0:0:0:0:4, 3+0:0:0:0:3, 3+0:0:0:0:2, 5+0:0:0:0:2, 2+0:0:0:0:1, 6+0:0:0:0:6, 4+0:0:0:0:4, 6+0:0:0:0:5, 0+0:0:0:0:0, 5+0:0:0:0:4, 2+0:0:0:0:2, 3+0:0:0:0:3, 4+0:0:0:0:3, 4+0:0:0:0:3, 2+0:0:0:0:2, 6+0:0:0:0:6, 4+0:0:0:0:3, 4+0:0:0:0:3, 4+0:0:0:0:3, 6+0:0:0:0:5, 7+0:0:0:0:5, 5+0:0:0:0:4, 7+0:0:0:0:5, 3+0:0:0:0:2, 6+0:0:0:0:5, 5+0:0:0:0:3, 5+0:0:0:0:4, 3+0:0:0:0:3,  , 5+0:0:0:0:5, 7+0:1:0:0:5, 4+0:0:0:0:3, 4+0:0:0:0:3, 7+0:0:0:0:4, 4+0:0:0:0:3, 3+0:0:0:0:3, 6+0:0:0:0:4, 6+0:0:0:0:6, 3+0:0:0:0:3, 2+0:0:0:0:2, 3+0:0:0:0:2, 1+0:0:0:0:1, 7+0:1:0:0:6, 7+0:0:0:0:5, 6+0:0:0:0:5, 5+0:0:0:0:3, 4+0:0:0:0:3, 7+0:0:0:0:4, 6+0:0:0:0:3, 3+0:0:0:0:2, 6+0:0:0:0:5, 6+0:1:0:0:6, 5+0:0:0:0:4, 1+0:0:0:0:1, 281+0:3:0:0:225
C# major (7#), 1+0:0:0:0:1, 6+0:0:0:0:2, 4+0:0:0:0:1, 6+0:0:0:0:3, 0+0:0:0:0:0, 5+0:0:0:0:3, 2+0:0:0:0:1, 3+0:0:0:0:2, 5+0:0:0:0:1, 6+0:0:0:0:3, 3+0:0:0:0:1, 4+0:0:0:0:1, 5+0:0:0:0:3, 3+0:0:0:0:1, 3+0:0:0:0:1, 4+0:1:0:0:3, 2+0:0:0:0:2, 6+0:0:0:0:2, 4+0:0:0:0:1, 6+0:0:0:0:3, 0+0:0:0:0:0, 5+0:0:0:0:3, 2+0:0:0:0:1, 3+0:0:0:0:2, 4+0:0:0:0:1, 4+0:0:0:0:3, 2+0:0:0:0:0, 6+0:0:0:0:2, 4+0:0:0:0:1, 4+0:0:0:0:3, 4+0:0:0:0:2, 5+0:0:0:0:1, 6+0:0:0:0:3, 5+0:0:0:0:3, 7+0:0:0:0:3, 2+0:0:0:0:1, 7+0:1:0:0:4, 6+0:0:0:0:2, 6+0:1:0:0:4, 4+0:0:0:0:1,  , 6+0:1:0:0:3, 4+0:0:0:0:2, 4+0:0:0:0:1, 4+0:0:0:0:1, 5+0:0:0:0:3, 5+1:1:0:0:4, 3+0:0:0:0:1, 5+0:0:0:0:3, 6+0:0:0:0:2, 3+0:0:0:0:1, 3+0:1:0:0:2, 4+0:1:0:0:4, 1+0:0:0:0:1, 8+0:1:0:0:4, 8+0:1:0:0:4, 7+0:1:0:0:4, 5+0:0:0:0:3, 4+0:0:0:0:2, 7+0:0:0:0:2, 6+0:0:0:0:2, 3+0:0:0:0:2, 6+0:0:0:0:2, 6+0:0:0:0:2, 6+0:0:0:0:2, 1+0:0:0:0:0, 284+1:10:0:0:132
Ab minor (7b), 0+0:0:0:0:0, 5+0:0:0:0:3, 4+0:0:0:0:2, 5+0:0:0:0:3, 0+0:0:0:0:0, 4+0:0:0:0:1, 1+0:0:0:0:1, 2+0:0:0:0:1, 5+0:0:0:0:2, 4+0:0:0:0:1, 4+0:0:0:0:2, 4+0:0:0:0:2, 4+0:0:0:0:2, 2+0:0:0:0:1, 3+0:0:0:0:1, 4+0:0:0:0:1, 1+0:0:0:0:0, 5+0:0:0:0:3, 4+0:0:0:0:2, 5+0:0:0:0:3, 0+0:0:0:0:0, 4+0:0:0:0:1, 1+0:0:0:0:1, 2+0:0:0:0:1, 4+0:0:0:0:2, 3+0:0:0:0:1, 2+0:0:0:0:1, 5+0:0:0:0:3, 4+0:0:0:0:3, 3+0:0:0:0:1, 3+0:0:0:0:2, 5+0:0:0:0:3, 6+0:0:0:0:2, 4+0:0:0:0:2, 7+0:1:0:0:3, 4+0:0:0:0:1, 5+0:0:0:0:2, 6+0:0:0:0:1, 4+0:0:0:0:1, 2+0:0:0:0:2,  , 4+0:0:0:0:2, 6+0:1:0:0:3, 4+0:0:0:0:2, 4+0:0:0:0:2, 6+0:0:0:0:1, 4+0:1:0:0:1, 2+0:0:0:0:1, 5+0:0:0:0:1, 5+0:0:0:0:3, 3+0:0:0:0:1, 2+0:0:0:0:1, 3+0:1:0:0:1, 2+0:0:0:0:0, 6+0:1:0:0:3, 7+0:1:0:0:2, 5+0:0:0:0:2, 4+0:0:0:0:1, 3+0:0:0:0:2, 7+0:1:0:0:4, 5+0:0:0:0:1, 3+0:0:0:0:1, 5+0:0:0:0:3, 5+0:1:0:0:3, 5+0:0:0:0:2, 1+0:0:0:0:1, 246+0:8:0:0:108
A# minor (7#), 1+0:0:0:0:1, 6+0:0:0:0:5, 4+0:0:0:0:3, 6+0:0:0:0:5, 0+0:0:0:0:0, 5+0:0:0:0:5, 3+0:0:0:0:2, 3+0:0:0:0:3, 5+0:0:0:0:3, 6+0:0:0:0:4, 3+0:0:0:0:2, 4+0:0:0:0:4, 5+0:0:0:0:5, 3+0:0:0:0:3, 4+0:0:0:0:3, 4+0:1:0:0:4, 2+0:0:0:0:2, 6+0:0:0:0:5, 4+0:0:0:0:3, 6+0:0:0:0:5, 0+0:0:0:0:0, 5+0:0:0:0:5, 3+0:0:0:0:2, 3+0:0:0:0:3, 4+0:0:0:0:4, 4+0:0:0:0:4, 2+0:0:0:0:2, 6+0:0:0:0:5, 4+0:0:0:0:3, 4+0:0:0:0:4, 4+0:0:0:0:3, 5+0:0:0:0:4, 6+0:0:0:0:5, 6+0:0:0:0:4, 7+0:0:0:0:5, 3+0:0:0:0:2, 7+0:1:0:0:6, 7+0:0:0:0:4, 6+0:1:0:0:6, 4+0:0:0:0:3,  , 6+0:1:0:0:5, 4+0:0:0:0:3, 4+0:0:0:0:4, 4+0:0:0:0:4, 5+0:0:0:0:5, 6+0:2:0:0:6, 3+0:0:0:0:3, 6+0:0:0:0:4, 6+0:0:0:0:5, 3+0:0:0:0:3, 3+0:1:0:0:3, 4+0:1:0:0:4, 2+0:0:0:0:1, 8+0:1:0:0:7, 8+0:1:0:0:7, 7+0:1:0:0:7, 5+0:0:0:0:4, 5+0:0:0:0:3, 7+0:0:0:0:4, 6+0:0:0:0:4, 3+0:0:0:0:3, 6+0:0:0:0:5, 6+0:0:0:0:4, 6+0:0:0:0:4, 1+0:0:0:0:1, 294+0:11:0:0:244
